 Birth: 2016-03-18 16:09:52.488736200 -0500


 Birth: 2016-03-18 16:27:39.384893000 -0500
